199 607 72 357 229 
459 312 80 768 109 
394 484 243 842 463 
537 139 45 197 322 
453 322 346 462 906 
292 712 813 747 810 
848 946 769 272 655 
998 732 319 78 852 
429 824 336 24 666 
151 562 805 196 111 
479 2 434 825 464 
692 118 176 505 217 
338 705 515 107 330 
170 457 62 490 536 
266 271 712 602 295 
379 753 857 536 301 
321 16 303 107 193 
768 799 311 296 657 
880 635 362 395 94 
44 918 552 106 760 
440 372 31 152 326 
326 531 431 536 68 
733 209 436 36 316 
629 156 115 293 453 
124 173 88 839 921 
182 883 839 86 990 
599 526 714 982 679 
393 660 562 824 196 
982 909 757 418 946 
73 400 454 541 693 
907 665 218 995 504 
139 530 388 330 968 
730 929 495 796 263 
526 189 924 88 366 
472 423 275 230 841 
573 655 593 28 196 
286 287 862 505 635 
718 996 517 458 327 
485 188 608 332 337 
872 858 878 148 299 
244 620 722 872 850 
915 797 506 509 177 
54 795 465 268 652 
452 987 1 969 797 
680 454 338 640 787 
675 864 997 553 12 
296 150 633 18 374 
835 934 523 693 443 
701 748 590 518 16 
595 970 355 596 291 
153 628 745 491 268 
884 518 133 882 423 
145 178 573 130 549 
299 966 483 823 659 
278 524 759 868 394 
128 815 716 835 763 
7 340 391 104 183 
660 989 701 793 223 
125 290 753 698 421 
302 998 387 137 173 
398 415 697 510 636 
443 638 451 159 825 
215 166 166 958 622 
349 618 611 51 763 
834 528 54 940 578 
475 242 928 214 380 
101 612 795 798 474 
783 593 464 235 752 
290 802 270 808 760 
893 157 731 856 560 
494 43 440 548 983 
19 375 225 947 589 
957 49 554 105 199 
380 888 793 845 475 
897 135 629 520 295 
390 765 804 473 621 
365 967 664 157 868 
999 176 243 577 124 
185 534 525 91 991 
76 471 880 221 316 
707 119 803 337 991 
98 79 756 903 552 
377 620 519 394 777 
739 393 954 335 322 
430 520 857 307 963 
848 383 434 80 605 
103 788 76 906 477 
419 357 556 175 260 
108 904 232 979 650 
361 719 44 667 54 
718 97 926 575 756 
889 776 140 675 208 
97 778 348 525 685 
825 944 394 733 471 
6 841 375 238 173 
26 599 892 422 267 
298 140 716 576 68 
473 817 196 965 492 
404 414 271 105 291 
308 282 235 702 16 
58 708 857 433 298 
30 811 249 274 233 
516 924 726 585 500 
794 410 317 342 375 
162 98 141 785 203 
432 93 486 19 147 
502 77 207 711 862 
857 94 674 106 368 
907 975 645 985 560 
145 131 970 815 473 
697 329 572 838 114 
775 622 559 613 641 
58 467 70 265 179 
932 122 273 606 580 
993 866 555 638 203 
115 136 335 437 303 
808 134 984 380 324 
98 508 298 657 121 
939 715 589 361 332 
120 294 806 393 252 
386 738 470 942 729 
674 409 865 9 847 
520 817 333 504 550 
10 954 58 308 611 
531 600 678 472 961 
362 592 607 168 337 
860 906 76 330 848 
157 4 610 374 365 
457 894 183 142 750 
733 152 704 143 461 
667 674 61 697 499 
374 59 91 982 579 
781 842 485 209 524 
334 366 881 296 740 
246 105 634 781 247 
736 866 400 440 361 
213 107 388 274 156 
887 648 215 330 630 
794 111 824 279 320 
701 965 686 582 261 
426 180 366 412 962 
966 148 180 366 940 
542 931 47 930 205 
203 817 205 770 147 
188 916 611 364 196 
931 65 513 970 647 
127 748 828 845 161 
142 163 661 322 529 
602 864 812 1 146 
17 557 315 575 327 
463 115 244 426 479 
792 357 545 657 679 
192 136 428 372 334 
589 514 497 602 189 
379 204 405 191 206 
552 561 115 867 136 
794 682 251 390 108 
82 534 818 627 192 
497 172 680 925 544 
14 866 411 512 469 
952 243 673 357 434 
231 261 995 346 129 
483 493 163 86 883 
272 169 418 442 796 
962 939 968 642 217 
865 657 83 628 521 
552 580 764 578 289 
198 809 551 546 508 
32 29 353 195 468 
236 819 637 654 261 
785 968 553 106 611 
770 971 620 853 951 
141 758 531 257 336 
820 807 497 371 705 
357 403 735 710 951 
555 947 770 192 953 
384 977 922 937 435 
885 59 406 505 912 
357 998 22 240 255 
358 413 414 208 784 
120 565 540 207 628 
491 762 575 613 306 
880 997 635 154 286 
71 39 345 829 544 
258 539 542 632 779 
149 991 192 564 551 
329 36 116 221 243 
744 712 357 671 677 
663 904 675 298 58 
961 721 98 307 551 
994 917 90 889 901 
869 38 892 414 954 
795 95 342 912 316 
585 8 28 294 32 
57 957 936 732 608 
994 46 329 444 705 
880 439 974 970 680 
875 192 70 120 958 
377 915 53 719 179 
369 657 188 749 951 
220 806 909 508 891 
517 854 937 198 299 
994 79 90 968 401 
770 195 593 840 315 
903 217 583 956 937 
762 325 946 950 426 
897 522 233 158 382 
124 27 237 413 226 
536 407 305 978 375 
706 748 922 652 940 
238 907 158 821 864 
447 583 541 745 886 
320 642 760 553 801 
143 29 828 380 442 
406 268 849 711 246 
576 770 346 498 774 
286 88 681 796 261 
897 595 845 791 340 
83 111 983 195 16 
136 690 45 316 422 
487 723 690 336 786 
288 264 908 634 114 
34 273 203 68 69 
464 965 17 661 108 
357 96 219 692 292 
235 828 334 280 497 
757 119 220 799 807 
358 440 71 267 426 
186 301 699 741 369 
121 205 687 138 219 
795 495 315 367 540 
959 954 368 646 587 
217 403 58 789 554 
866 148 994 289 767 
421 827 420 472 568 
142 593 126 829 83 
345 976 931 12 695 
471 324 2 191 970 
589 409 725 647 198 
279 513 698 626 155 
465 399 982 886 871 
551 28 817 29 209 
900 374 537 183 738 
233 654 414 235 198 
384 176 607 461 823 
157 93 689 208 719 
844 25 118 178 263 
341 729 643 158 758 
852 411 484 390 946 
575 975 601 989 562 
151 726 738 758 187 
913 267 280 954 475 
351 150 853 821 329 
116 163 58 760 673 
169 612 436 5 354 
383 580 681 336 570 
243 487 648 981 597 
835 895 216 468 849 
44 819 352 897 641 
681 13 156 91 773 
829 260 738 618 618 
92 1 198 774 689 
120 369 176 120 351 
125 956 598 341 776 
799 385 595 151 634 
588 832 648 744 276 
773 926 888 511 544 
506 604 897 57 730 
586 177 451 114 298 
802 239 606 752 932 
382 552 318 329 55 
304 270 240 952 14 
516 726 292 404 237 
836 263 193 733 320 
275 319 497 727 785 
147 881 24 105 986 
957 839 890 627 169 
945 931 791 537 236 
805 405 314 450 810 
903 286 73 449 372 
393 724 43 242 803 
829 742 37 853 199 
23 162 39 913 789 
560 210 73 351 748 
309 508 153 623 958 
315 526 245 740 975 
969 485 52 12 80 
207 841 174 596 47 
373 971 209 412 884 
351 972 447 424 675 
547 733 184 52 708 
142 720 586 739 460 
914 708 298 966 73 
730 525 914 904 474 
313 277 445 523 42 
682 226 14 129 650 
42 28 383 226 80 
443 720 800 29 460 
613 943 520 263 261 
593 993 787 860 897 
613 173 174 58 48 
216 740 274 583 221 
924 625 249 659 203 
682 102 923 834 132 
735 799 75 256 62 
689 849 407 828 709 
304 441 235 831 499 
283 399 592 910 334 
813 834 311 415 846 
514 449 300 790 635 
432 525 435 860 781 
849 901 983 257 729 
692 913 170 279 96 
669 563 496 613 825 
182 779 11 846 546 
857 712 995 158 502 
630 942 380 417 154 
513 267 55 496 876 
784 541 789 954 820 
886 976 735 734 941 
560 268 720 572 114 
266 781 827 261 291 
681 244 234 61 661 
740 575 928 148 71 
156 932 964 946 239 
785 184 567 872 918 
508 433 538 229 357 
653 847 138 832 461 
782 513 705 16 927 
718 108 854 999 256 
277 155 541 242 101 
132 27 637 699 899 
555 559 684 446 788 
41 99 988 532 283 
449 314 148 506 682 
75 224 142 929 223 
399 207 731 292 449 
832 424 828 470 123 
79 377 682 116 823 
823 509 274 163 41 
557 612 707 58 118 
741 133 342 884 415 
918 635 622 649 927 
423 833 703 603 655 
178 34 33 212 150 
208 35 660 835 198 
53 744 162 113 802 
280 206 288 975 90 
703 893 77 677 894 
356 100 727 59 55 
383 237 441 768 450 
592 328 837 604 515 
388 9 260 550 474 
62 183 681 350 158 
771 405 403 201 82 
297 557 534 376 617 
589 111 854 31 231 
304 975 912 494 931 
427 882 940 687 432 
767 102 615 448 804 
773 571 210 528 772 
644 177 330 179 554 
299 120 17 153 503 
249 810 830 513 304 
761 940 186 54 628 
970 821 82 586 269 
238 711 192 800 240 
965 445 769 647 976 
675 946 96 693 451 
600 294 613 430 807 
917 544 747 455 598 
727 426 771 161 364 
392 400 427 584 552 
19 901 997 789 548 
973 464 846 422 509 
298 374 803 263 156 
962 181 700 62 988 
650 789 766 421 303 
130 165 703 910 750 
607 929 3 605 718 
904 930 535 750 704 
44 400 78 200 664 
235 162 197 287 224 
185 938 366 304 711 
669 786 877 724 696 
979 331 626 982 288 
344 886 219 231 989 
275 276 389 354 476 
405 589 638 602 228 
215 140 166 581 796 
878 250 582 107 974 
279 86 657 905 68 
946 601 955 517 833 
944 792 461 685 146 
937 91 87 927 45 
316 494 537 834 75 
333 64 677 916 171 
3 547 257 661 452 
326 607 405 633 476 
590 929 268 51 614 
767 340 57 206 620 
455 874 114 992 709 
542 678 125 219 946 
297 223 493 554 884 
297 232 843 54 217 
319 645 146 939 48 
761 58 741 170 617 
361 625 843 827 970 
904 369 0 30 941 
946 327 164 791 233 
400 440 466 243 494 
683 914 491 182 205 
892 943 616 633 465 
585 346 91 428 525 
413 333 247 413 363 
188 711 690 704 502 
923 104 294 741 699 
140 777 965 632 959 
522 876 254 138 861 
71 75 207 162 504 
732 927 837 979 340 
200 519 51 242 223 
905 517 327 199 611 
378 340 388 343 324 
699 866 552 305 356 
413 376 432 620 891 
288 704 818 125 36 
511 677 555 914 919 
131 820 788 458 371 
399 189 63 139 532 
739 190 750 291 495 
459 704 224 891 676 
115 179 733 285 656 
121 796 333 28 63 
604 159 883 744 970 
606 496 159 670 635 
43 409 178 794 701 
25 253 757 249 496 
786 716 27 519 2 
35 640 150 720 668 
213 324 828 448 420 
150 55 916 309 725 
904 352 486 82 498 
539 107 103 297 709 
599 83 777 978 954 
779 365 594 282 85 
614 847 761 442 296 
182 592 703 98 253 
780 2 958 266 436 
456 158 544 560 455 
605 511 890 382 842 
844 514 207 438 148 
293 52 995 406 847 
643 588 791 346 687 
397 478 41 355 97 
478 811 255 374 723 
710 331 235 952 713 
429 796 579 636 586 
727 281 990 75 688 
189 718 628 333 417 
667 730 247 709 85 
344 539 248 599 913 
972 661 596 559 613 
661 988 761 241 976 
347 968 258 690 395 
298 879 466 926 564 
883 594 294 130 303 
731 827 194 980 426 
459 304 440 55 863 
53 716 203 167 957 
179 866 278 437 556 
673 87 788 139 14 
352 374 608 999 857 
263 730 684 457 710 
462 268 14 902 323 
229 308 39 432 827 
349 612 693 979 401 
602 4 489 742 496 
503 446 222 463 445 
79 78 176 115 887 
238 930 155 253 184 
830 482 844 221 915 
671 570 879 717 901 
280 319 906 769 413 
402 624 859 976 439 
305 56 869 481 523 
756 719 453 263 324 
990 93 159 834 667 
426 506 237 305 575 
491 937 894 397 59 
307 151 35 166 127 
475 823 535 696 304 
411 453 376 864 68 
700 206 514 211 41 
181 637 899 770 942 
474 261 232 720 10 
291 27 161 326 545 
641 801 369 528 850 
25 939 655 753 156 
723 806 362 589 17
